3 1175
1 1186
5 1197
5 1219
5 1230
5 1241
3 1263
1 1274
5 1285
5 1296
5 1307
5 1318
4 1340
2 1363
3 1374
3 1385
3 1396
3 1407
3 1418
4 1429
6 1440
5 1451
4 1473
1 1517
2 1528
3 1539
4 1550
4 1572
4 1583
4 1594
3 1616
2 1627
1 1638
1 1649
1 1660
1 1671
1 1693
1 1704
1 1715
2 1727
2 1738
2 1749
3 1771
3 1782
3 1793
1 1815
3 1815
4 1815
6 1815
1 1859
3 1859
4 1859
6 1859
1 1870
3 1870
4 1870
6 1870
1 1892
3 1892
4 1892
6 1892
2 1949
5 1949
1 1960
4 1960
1 1971
4 1971
2 1982
5 1982
6 2015
3 2026
6 2037
5 2048
4 2070
1 2126
4 2126
1 2137
4 2137
1 2148
4 2148
2 2159
5 2159
6 2192
2 2203
6 2214
5 2225
4 2247
3 2269
2 2302
5 2302
2 2311
5 2311
3 2335
6 2335
6 2357
6 2368
6 2379
6 2390
5 2402
4 2411
3 2423
1 2469
4 2469
1 2479
4 2479
1 2490
4 2490
2 2512
5 2512
1 2534
4 2534
2 2546
5 2546
1 2555
4 2555
2 2567
5 2567
1 2577
4 2577
2 2588
5 2588
1 2610
3 2610
4 2610
6 2610
1 2622
3 2622
4 2622
6 2622
1 2633
3 2633
4 2633
6 2633
2 2667
5 2667
2 2678
5 2678
2 2689
5 2689
2 2700
5 2700
6 2714
4 2729
3 2744
5 2759
2 2773
1 2788
1 2843
4 2843
1 2855
4 2855
1 2866
4 2866
1 2877
4 2877
6 2891
5 2906
3 2920
4 2935
2 2950
1 2964
1 3017
4 3017
1 3028
4 3028
1 3042
4 3042
2 3053
5 3053
6 3067
5 3082
4 3097
1 3111
3 3126
2 3141
1 3196
4 3196
1 3207
4 3207
1 3218
4 3218
2 3230
5 3230
6 3245
5 3259
4 3274
1 3288
2 3303
3 3318
3 3735
2 3745
1 3757
6 3757
6 3768
1 3779
6 3779
6 3790
1 3801
5 3812
1 3823
4 3834
1 3845
5 3845
6 3856
1 3867
6 3867
6 3877
1 3888
3 3912
2 3923
3 3934
3 3945
3 3956
3 3967
3 3978
4 3989
6 4000
5 4011
4 4033
1 4088
4 4088
2 4100
5 4100
3 4109
6 4109
3 4134
6 4134
3 4142
6 4142
3 4153
6 4153
3 4176
2 4187
1 4198
1 4209
1 4220
1 4231
1 4253
6 4253
1 4264
6 4264
1 4275
6 4275
2 4287
5 4287
2 4298
5 4298
2 4309
5 4309
3 4331
4 4331
3 4342
4 4342
3 4353
4 4353
1 4375
2 4375
3 4375
4 4375
5 4375
6 4375
2 4419
5 4419
1 4430
4 4430
1 4441
4 4441
2 4452
5 4452
6 4485
3 4496
6 4507
5 4518
4 4540
1 4596
4 4596
1 4607
4 4607
1 4618
4 4618
2 4629
5 4629
6 4662
2 4673
6 4684
5 4695
4 4717
3 4739
2 4772
5 4772
2 4781
5 4781
3 4805
6 4805
6 4827
6 4838
6 4849
6 4860
5 4872
4 4881
3 4893
1 4939
4 4939
1 4949
4 4949
1 4960
4 4960
2 4982
5 4982
1 5004
4 5004
2 5016
5 5016
1 5025
4 5025
2 5037
5 5037
1 5047
4 5047
2 5058
5 5058
1 5080
3 5080
4 5080
6 5080
1 5092
3 5092
4 5092
6 5092
1 5103
3 5103
4 5103
6 5103
2 5137
5 5137
2 5148
5 5148
2 5159
5 5159
2 5170
5 5170
6 5183
6 5194
3 5205
6 5216
3 5227
6 5238
5 5249
4 5260
1 5313
4 5313
1 5325
4 5325
1 5336
4 5336
1 5347
4 5347
6 5358
6 5369
2 5380
6 5391
2 5402
6 5413
5 5424
4 5435
1 5487
4 5487
1 5498
4 5498
1 5512
4 5512
2 5523
5 5523
6 5537
5 5552
4 5567
1 5581
3 5596
2 5611
1 5666
4 5666
1 5677
4 5677
1 5688
4 5688
2 5700
5 5700
6 5715
5 5729
4 5744
1 5758
2 5773
3 5788
2 7475
5 7475
2 7486
5 7486
2 7497
5 7497
2 7508
5 7508
6 7522
4 7537
3 7552
5 7567
2 7581
1 7596
1 7651
4 7651
1 7663
4 7663
1 7674
4 7674
1 7685
4 7685
6 7699
5 7714
3 7728
4 7743
2 7758
1 7772
1 7825
4 7825
1 7836
4 7836
1 7850
4 7850
2 7861
5 7861
6 7875
5 7890
4 7905
1 7919
3 7934
2 7949
1 8004
4 8004
1 8015
4 8015
1 8026
4 8026
2 8038
5 8038
6 8053
5 8067
4 8082
1 8096
2 8111
3 8126
2 8181
2 8192
2 8203
1 8214
6 8214
4 8225
5 8236
2 8247
3 8258
6 8258
1 8269
6 8280
5 8292
1 8303
4 8303
1 8358
1 8369
1 8380
1 8391
4 8391
5 8402
6 8413
1 8424
2 8435
5 8435
1 8446
6 8457
5 8468
3 8479
4 8479
1 8534
1 8545
1 8556
1 8567
4 8567
3 8578
6 8578
3 8589
6 8589
1 8600
4 8600
2 8611
5 8622
2 8633
5 8644
1 8655
6 8655
3 8667
4 8667
3 8678
4 8678
1 8689
6 8689
2 8700
5 8711
2 8722
5 8733
1 8744
4 8749
1 8755
4 8760
1 8766
4 8771
2 8777
5 8782
2 8788
5 8793
2 8799
5 8804
3 8810
6 8815
3 8821
6 8826
2 8832
5 8832
1 8843
4 8843
1 8854
4 8854
3 8865
6 8865
2 8876
5 8876
